a = 2.00000
b = 3.14000
c = 4
